D: 10.01496279483851
B: 11.912531702867966
C: 20.934180791307032
E: 26.711026756308314
A: 30.427297954678174
