A: 3.5883354132887386
E: 11.625630540252331
C: 23.936759599831646
D: 28.97618907705603
B: 31.873085369571257
