B: 9.428310388182577
D: 9.7184477176252
A: 15.321732886349686
C: 28.27857624358352
E: 37.252932764259015
