B: 3.1038382329714254
A: 11.210894557332207
D: 19.222755080350883
E: 30.828881043263237
C: 35.63363108608225
