A: 10.291345045544736
C: 13.067186087028018
E: 19.137033067907538
B: 25.048780441388978
D: 32.45565535813073
