C: 4.011853799405225
E: 11.7690996952023
B: 19.72481002751967
A: 30.16511201664354
D: 34.329124461229256
