E: 14.948092411313922
C: 16.24617520698957
D: 17.55436007345468
A: 22.66753161081067
B: 28.583840697431143
