C: 12.667075699162023
A: 13.103156220235403
B: 19.9473109983942
E: 23.808877886529643
D: 30.473579195678727
