E: 8.37459565801251
C: 14.196387429955472
A: 16.86909700612423
B: 29.14012128046174
D: 31.419798625446045
