C: 3.640358441631596
E: 8.021792582049798
A: 24.163928368533515
D: 26.045484983627848
B: 38.128435624157255
